ki1:7
ki2:5
ki3:55
kp1:5 
kp2:65
kp3:7
kd1:58
kd2:6
kd3:8
time_step_top:0,10,40,60,80,100,120,140,160,180,200,220,240,260,280,300,320,340,360,380,400,420,440,457,593,593,0,0,0,0,
temperature_step_top:84,84,102,112,122,131,139,146,161,166,172,170,169,194,235,262,290,313,335,356,373,386,391,383,12,12,0,0,0,0,
time_step_bottom:0,4,34,54,74,94,114,134,154,174,194,214,234,254,274,294,314,334,354,374,394,414,434,454,474,494,593,593,0,0,
temperature_step_bottom:170,170,220,230,240,235,230,225,220,215,205,195,184,196,216,223,224,225,224,223,221,219,217,209,169,116,17,17,0,0,
time_step_pcb:0,4,89,159,212,252,420,442,457,593,
temperature_step_pcb:79,79,122,148,161,165,219,227,227,91,
aliasprofile:POS-61
max_pcb_delta:14
profile_steps:27
max_correction_top:23
max_correction_bottom:23
hold_lenght:23
participation_rate_top:4
