ki1: 23
ki2: 23
ki3: 15
kp1: 31
kp2: 6
kp3: 5
kd1: 37
kd2: 8
kd3: 12
time_step_top: 0,10,40,60,80,100,120,140,160,180,200,220,240,260,280,300,320,340,360,380,400,420,440,460,477,613,0,
temperature_step_top: 84,84,102,112,122,131,139,146,161,166,172,170,169,197,241,271,302,328,353,377,399,418,427,429,421,50,0,
time_step_bottom: 0,4,34,54,74,94,114,134,154,174,194,214,234,254,274,294,314,334,354,374,394,414,434,454,474,494,514,
temperature_step_bottom: 256,256,306,312,318,309,304,300,300,295,290,285,274,286,306,313,314,315,314,313,311,309,307,304,296,256,203,
time_step_pcb: 0,4,89,159,212,252,420,462,477,613,
temperature_step_pcb: 79,79,122,148,161,165,224,235,235,99,
aliasprofile: Default Profile
max_pcb_delta: 10
profile_steps: 27
max_correction_top: 30
max_correction_bottom: 80
hold_lenght: 5
participation_rate_top: 30
